100
TJEOWRE 813 430 696 623 2
AYBURWW 803 294 942 798 1
HUMYGFV 38 291 527 941 3
TXOTTVI 240 842 161 48 1
KOAJJTO 297 569 578 414 1
IPCCUSP 365 184 406 593 1
DTMBHGS 807 278 45 98 1
ORCFVVF 858 333 557 188 2
CBAVHLL 387 213 875 280 1
GJEEEIN 550 28 940 377 1
LIHCPRK 503 716 535 293 3
XEPDEER 169 192 449 440 2
JFRLVVM 172 461 21 904 2
PYRLLKO 422 513 554 741 1
KGJAFBW 105 452 789 509 1
MQQTODQ 490 118 335 52 1
WHANLOK 29 449 94 122 3
XVUHNYO 682 494 657 993 2
MMOQYHH 928 986 907 539 1
XXCUUBB 365 327 298 150 1
XSPQAMA 726 731 590 76 2
YNYQVNT 381 717 798 811 2
YUBBTFQ 478 737 9 875 1
VMSYEYA 911 572 627 163 1
PQHBQBK 293 144 463 147 1
VKMVVYY 868 569 394 538 2
TVYJXVW 405 619 429 864 3
IEWFTQA 152 662 287 554 3
NNWDIQX 763 865 449 937 2
UMDLSWQ 0 858 716 353 1
JIPPWES 380 841 965 520 1
GQJUQYK 731 900 716 886 2
PSITJQV 674 186 336 952 1
SEMNTFU 312 700 304 121 1
FKBSDDY 281 763 809 121 1
BLEFWPE 291 457 843 345 2
XCVWIVJ 87 6 787 858 3
PIGORVW 531 275 101 432 1
QFBLXIF 96 696 451 988 2
YHKJWSV 519 953 704 551 2
CAOLBRU 147 956 471 372 1
GLXTOVQ 153 73 478 956 3
XVTADXV 977 571 162 998 2
EQWDODD 406 492 676 842 1
AKWGPWL 48 115 555 120 3
FLIGBEI 136 261 480 997 3
KOKCREL 881 925 985 764 1
HNUCTKD 375 332 161 99 2
RRHOYSC 125 539 312 657 3
RCTIMUR 979 626 362 758 1
YEIXRRA 586 927 483 10 2
BEXJSNL 57 23 707 667 3
CPDNEGT 229 431 527 335 1
WGRHOTS 121 204 817 850 2
HRKBYII 356 219 189 775 3
UNMISSO 168 49 82 376 1
DTLENPA 708 899 535 609 1
VJMXXGF 742 979 917 697 3
MUJNCIG 843 737 542 179 2
JOPSYOE 249 346 741 949 2
ADUYUBQ 353 297 700 824 2
KELOXXH 664 553 50 37 3
OJLPBJR 9 727 539 762 2
QSSRUQU 847 496 7 422 2
FEHUGNJ 700 438 797 272 1
JFDXTFI 170 479 3 623 2
VCASJWS 809 636 900 503 3
NWGNWVN 900 831 269 428 1
YOOASTU 32 160 998 396 1
WDXAFML 158 934 319 661 3
SYQVSAV 259 545 136 14 3
HPBFNNO 923 487 712 643 3
BATNWFX 200 888 492 482 3
RMUIAPU 148 539 698 358 1
LDLERAE 600 409 626 476 1
GJPNDDQ 742 108 361 517 2
EDBOBPM 790 670 673 95 2
YYLCCWC 387 326 369 231 2
WRJRGTJ 75 1 336 322 2
DNQBOLQ 240 442 902 713 3
YTBHNDT 153 104 656 772 3
AQPACSA 173 308 167 657 3
FYLUDFL 739 885 414 99 2
TGDRMKW 405 615 315 851 2
IRMRLXP 778 589 753 824 3
ICHJRTA 265 507 4 876 3
OHFRYWW 401 352 61 890 1
LTULXKQ 106 495 398 762 1
UUWVBEN 162 507 21 838 3
SGWKUYO 568 419 861 743 2
XKELLYT 471 29 293 144 2
XTNNPXB 676 923 148 806 2
YMITYEN 376 610 867 65 3
QHJMANK 925 664 851 432 3
YRNHPLJ 852 135 769 801 3
XXBPROS 73 473 702 846 1
RKBCLRC 276 245 765 284 1
DEREACG 497 14 683 603 3
WHIUMIU 832 6 346 443 1
PKTBAOC 645 810 546 595 2
