90
JFMERSR 533 817 129 1 3
DSHRCNW 270 370 916 1 1
WDCVNCR 1 653 281 2 2
AVUTANC 285 799 286 2 2
YVHHOFC 48 735 281 3 3
KDWULAX 350 582 694 2 2
HJFPUGB 294 3 135 3 1
PHIAPTX 885 223 697 2 1
XVBXRIY 340 490 456 3 2
NSOSDRO 190 646 598 2 2
TWSUVSH 984 170 33 2 3
RTJOCBE 74 787 370 2 1
NCWPCVH 889 418 3 3 1
VALNJIX 856 42 259 3 3
KXYGTLH 642 649 180 1 2
BGPVLIK 868 48 273 2 1
GVVKFNR 732 375 343 1 1
EIQUNPM 260 312 553 1 3
LYSWATP 498 594 13 2 2
DNRRGSY 93 9 741 1 1
IWJHCVU 847 615 15 1 3
JFGAVAA 923 168 19 2 1
OUMRLWM 750 654 471 3 1
TBPRQFQ 784 753 522 2 3
WDKOYEM 487 558 825 3 2
YVKUTQU 309 810 812 1 2
UBKIYNT 44 540 456 1 3
MCINETC 11 250 663 1 2
EUEWIQI 994 438 793 1 1
IJTDPJW 745 568 58 3 3
CVBTJBH 934 637 489 1 1
FUOAPEV 605 255 716 3 3
CDKSNEO 109 113 90 3 3
SWYRLOB 552 794 992 2 2
VQEJJKR 503 705 702 3 2
GVWINKT 296 751 544 3 3
IEPVWJX 286 330 930 3 2
PYAHBHM 318 768 384 2 2
VNBDJEB 708 390 991 3 1
DQDFVKT 513 770 721 3 2
DHXISSB 519 44 779 2 2
JVNUMGF 820 423 385 1 2
VTKHPFW 32 153 797 1 2
SEXBKRX 803 989 961 3 3
TTSSFSN 454 537 100 3 3
FKYVHCD 344 879 378 1 3
VCNJPFM 906 178 483 3 2
DTLSTYW 293 473 897 1 3
BEVKHCG 46 365 69 3 2
BEIDMOL 229 286 123 3 1
YIIKHJF 549 621 528 1 1
FCFLXWK 866 5 968 3 1
HQLRQWY 865 802 682 1 3
SIBINWK 597 932 942 2 3
ORYRLEK 91 638 446 2 1
SMJDVLS 660 700 746 2 3
SMGTENS 469 313 968 3 2
YXOWUCQ 488 120 875 2 1
LNFILFU 872 173 876 2 2
QRSYMGS 428 511 658 1 3
MCTCCOR 216 875 697 1 2
CUXWXXW 379 139 692 3 3
XKSESGI 614 609 354 3 2
UDECAHV 953 104 669 3 1
TBUMSLS 866 700 438 2 3
TKYGQKU 891 491 102 3 1
JMVNIBS 450 916 588 2 1
CMSXAUR 723 678 666 2 3
BYMRDFJ 102 402 132 2 2
IVGNLAP 562 137 408 1 2
GELNWPM 894 693 176 3 2
GEIALKE 893 562 137 2 3
MCIYMUO 725 334 150 2 3
PXBIYVC 65 559 810 2 2
VNMEABY 693 114 283 1 2
FDLHEUJ 794 55 210 1 2
GHBKUMB 930 22 563 2 2
PWUUHJN 946 671 277 3 1
YGRUQYO 279 585 968 3 2
FLYKCVP 627 241 460 3 1
VFRNJNL 638 728 181 2 1
FUPONCU 968 607 694 1 1
SWOPJFU 296 146 612 2 3
CIHYOKO 497 288 79 3 3
IKSYHAR 959 742 108 2 2
OMTBBQA 367 353 357 1 3
TTNCXDY 371 158 419 2 2
WAXYLPK 556 378 155 2 3
XDKYMPS 834 411 58 2 1
MMSBJBY 789 707 272 3 3
