200
2 459 365 19 70
2 171 530 48 21
1 57 356 0 0
3 103 399 89 74
3 189 458 3 33
2 122 591 87 3
3 159 533 36 38
3 170 152 18 97
2 88 299 40 33
2 220 536 13 70
1 5 166 0 0
2 477 246 93 75
1 451 589 0 0
1 286 526 0 0
3 102 114 91 85
1 318 483 0 0
1 269 422 0 0
3 457 329 38 70
3 217 113 23 96
1 414 457 0 0
2 121 76 2 88
3 355 564 86 13
1 448 317 0 0
2 2 307 25 34
2 185 469 91 28
3 132 116 7 16
2 412 280 98 73
3 19 30 32 7
3 261 267 25 45
1 347 152 0 0
3 186 536 100 59
3 20 494 70 5
1 4 9 0 0
1 401 333 0 0
1 451 596 0 0
3 295 139 81 27
3 387 338 14 64
1 35 36 0 0
3 229 213 70 35
1 322 134 0 0
2 44 201 83 62
3 455 63 5 53
3 236 116 87 89
1 1 231 0 0
2 451 188 69 17
3 303 56 73 74
2 202 195 76 41
3 199 25 45 47
3 327 78 54 87
1 414 193 0 0
2 92 307 66 23
3 468 330 42 94
2 477 112 22 37
2 5 207 79 58
1 203 583 0 0
3 247 54 8 69
1 13 598 0 0
2 112 561 78 21
2 325 493 5 6
3 458 34 46 81
1 136 91 0 0
3 450 483 10 95
1 9 303 0 0
3 413 40 8 1
1 43 460 0 0
1 258 423 0 0
2 50 256 3 80
3 247 40 83 1
1 447 427 0 0
3 126 473 81 89
1 368 581 0 0
2 106 500 7 41
1 331 494 0 0
1 61 404 0 0
2 188 73 68 6
3 484 367 28 7
3 398 94 55 66
3 238 359 33 71
1 397 299 0 0
3 286 365 67 4
2 25 35 99 68
3 466 438 12 7
1 449 205 0 0
1 255 322 0 0
2 251 113 33 19
3 350 42 22 2
3 283 209 16 45
2 452 561 81 28
1 163 419 0 0
1 306 336 0 0
2 390 413 2 84
1 222 483 0 0
3 255 309 65 34
2 226 502 99 58
2 416 534 52 84
1 414 185 0 0
2 405 218 49 100
3 95 4 6 53
3 171 259 16 38
1 278 567 0 0
2 401 391 76 76
3 242 168 4 74
3 352 501 55 53
1 256 470 0 0
3 416 1 13 22
3 61 522 84 38
1 190 488 0 0
3 168 46 17 16
2 412 219 24 71
3 174 242 66 71
2 385 217 29 11
3 59 56 52 69
3 317 254 71 78
3 402 476 32 57
3 445 575 24 27
3 158 201 67 16
1 220 525 0 0
1 104 493 0 0
3 472 367 8 62
1 442 344 0 0
2 44 203 1 61
2 380 454 95 56
1 67 598 0 0
2 3 446 19 64
3 321 136 22 65
2 20 252 28 49
1 313 347 0 0
3 203 122 13 7
2 361 346 97 30
1 427 343 0 0
3 313 151 97 59
2 239 327 87 67
1 166 75 0 0
1 139 346 0 0
3 322 79 58 58
1 213 581 0 0
1 458 330 0 0
2 204 350 53 99
2 338 475 6 99
2 384 363 64 13
2 218 35 57 80
1 327 44 0 0
3 429 388 58 17
1 239 117 0 0
3 270 494 43 67
2 381 179 27 92
1 396 192 0 0
3 135 392 85 27
2 388 166 12 62
1 497 182 0 0
2 401 327 18 63
3 215 355 43 93
1 241 299 0 0
2 27 20 43 31
1 163 246 0 0
3 144 108 34 81
3 144 33 14 47
2 247 449 61 95
2 456 528 41 42
3 409 167 48 78
2 384 597 87 87
2 302 134 64 43
1 449 585 0 0
1 92 17 0 0
1 104 463 0 0
2 401 136 25 9
2 91 430 91 43
2 128 495 33 90
1 76 79 0 0
1 162 442 0 0
2 24 325 46 53
3 171 276 70 68
1 447 136 0 0
1 399 188 0 0
1 480 578 0 0
1 321 534 0 0
2 59 297 48 81
2 345 36 52 20
1 321 433 0 0
2 373 149 89 46
1 408 113 0 0
2 7 256 95 65
2 259 258 91 87
3 348 455 6 38
3 171 168 99 75
3 498 82 91 52
3 147 442 70 82
1 11 599 0 0
1 17 6 0 0
1 459 44 0 0
1 269 402 0 0
1 223 559 0 0
1 49 90 0 0
2 13 545 71 9
2 60 344 10 26
2 135 312 6 85
1 240 136 0 0
1 135 35 0 0
2 288 62 36 43
2 285 288 80 36
